WS test with 512x512 Chandra data.
Computing beta0...
beta0 = 1.219881e-09
Computing standardization matrix...
100/100
Computing lambda and lambdaI...
100/100
lambda = 1.850813e+00
lambdaI = 6.315922e+07
************************************* FISTA ************************************
A : 262144x263168 matrix, u : 262144 vector, b : 262144 vector
lambda :1, tol :1e-10
********************************************************************************

 iter |          tol         |        FLasso        |      Lf       |  lambda
--------------------------------------------------------------------------------
   10 |    -1.8544280909e-01 |    -1.2888213116e+06 |             4 |        1
   20 |    -9.5549776035e-03 |    -1.3171211148e+06 |             8 |        1
   30 |    -2.3651540061e-03 |    -1.3238002005e+06 |             4 |        1
   40 |    -1.1285276868e-03 |    -1.3270459681e+06 |             4 |        1
   50 |    -6.3963332648e-04 |    -1.3288602523e+06 |             8 |        1
   60 |    -5.3722054714e-04 |    -1.3302814429e+06 |            16 |        1
   70 |    -4.5102188233e-04 |    -1.3313507924e+06 |             2 |        1
   80 |    -3.3247070406e-04 |    -1.3320683871e+06 |             8 |        1
   90 |    -2.7706163849e-04 |    -1.3326909820e+06 |             8 |        1
  100 |    -2.9193324255e-04 |    -1.3333653076e+06 |             1 |        1
  110 |    -2.2030607268e-04 |    -1.3338704647e+06 |             4 |        1
  120 |    -1.8618580780e-04 |    -1.3343346497e+06 |             4 |        1
  130 |    -1.8104110117e-04 |    -1.3348050516e+06 |             8 |        1
  140 |    -1.4439218439e-04 |    -1.3351775497e+06 |             8 |        1
  150 |    -1.6500778574e-04 |    -1.3355930513e+06 |             8 |        1
  160 |    -1.4855637559e-04 |    -1.3359093050e+06 |             2 |        1
  170 |    -1.2634991815e-04 |    -1.3362023836e+06 |            16 |        1
  180 |    -1.3615467374e-04 |    -1.3365309359e+06 |             8 |        1
  190 |    -9.9456841358e-05 |    -1.3367860295e+06 |             8 |        1
  200 |    -1.0021588753e-04 |    -1.3370329167e+06 |             1 |        1
  210 |    -1.2356881980e-04 |    -1.3374792348e+06 |             8 |        1
  220 |    -7.5398516667e-05 |    -1.3376736997e+06 |             8 |        1
  230 |    -9.2123349542e-05 |    -1.3379064150e+06 |             4 |        1
  240 |    -7.8995203005e-05 |    -1.3380801578e+06 |             4 |        1
  250 |    -9.9595774086e-05 |    -1.3382986096e+06 |             2 |        1
  260 |    -9.8888455516e-05 |    -1.3385511023e+06 |             8 |        1
  270 |    -6.7646872281e-05 |    -1.3387292314e+06 |             4 |        1
  280 |    -7.5756075584e-05 |    -1.3389124396e+06 |            16 |        1
  290 |    -8.2579066840e-05 |    -1.3391306891e+06 |             4 |        1
  300 |    -8.5269691832e-05 |    -1.3393013784e+06 |             1 |        1
  310 |    -6.1669955557e-05 |    -1.3394748002e+06 |             8 |        1
  320 |    -4.6446776790e-05 |    -1.3395882587e+06 |             4 |        1
  330 |    -4.5949477757e-05 |    -1.3396961649e+06 |             4 |        1
  340 |    -4.7505429619e-05 |    -1.3398186712e+06 |             4 |        1
  350 |    -3.3043100788e-05 |    -1.3399007444e+06 |             8 |        1
  360 |    -3.9660161862e-05 |    -1.3399982244e+06 |             4 |        1
  370 |    -1.2286121568e-04 |    -1.3402741062e+06 |             8 |        1
  380 |    -4.5905065255e-05 |    -1.3403729713e+06 |             2 |        1
  390 |    -4.0599407035e-05 |    -1.3404706404e+06 |            16 |        1
  400 |    -5.0591451547e-05 |    -1.3406038433e+06 |             1 |        1
  410 |    -2.9934996632e-05 |    -1.3406766107e+06 |             4 |        1
  420 |    -5.6385164268e-05 |    -1.3407879447e+06 |             4 |        1
  430 |    -3.6526512918e-05 |    -1.3408715248e+06 |             4 |        1
  440 |    -4.6259423778e-05 |    -1.3409780526e+06 |             8 |        1
  450 |    -5.9929190575e-05 |    -1.3411574195e+06 |             8 |        1
  460 |    -2.9738025519e-05 |    -1.3412271810e+06 |             8 |        1
  470 |    -3.6291066688e-05 |    -1.3413085656e+06 |             2 |        1
  480 |    -2.2521758242e-05 |    -1.3413632445e+06 |             4 |        1
  490 |    -3.4800711225e-05 |    -1.3414507004e+06 |             2 |        1

 iter |          tol         |        FLasso        |      Lf       |  lambda
--------------------------------------------------------------------------------
  500 |    -2.2403449758e-05 |    -1.3415059416e+06 |             1 |        1
  510 |    -4.1382195445e-05 |    -1.3415924033e+06 |             4 |        1
  520 |    -4.4714604457e-05 |    -1.3416986712e+06 |             2 |        1
  530 |    -2.3164251672e-05 |    -1.3417584428e+06 |             4 |        1
  540 |    -2.8798309567e-05 |    -1.3418251495e+06 |             8 |        1
  550 |    -1.9665859856e-05 |    -1.3418725478e+06 |             4 |        1
  560 |    -2.7349985055e-05 |    -1.3419363563e+06 |             8 |        1
  570 |    -2.4342612011e-05 |    -1.3419938606e+06 |             4 |        1
  580 |    -2.3524398647e-05 |    -1.3420513738e+06 |             2 |        1
  590 |    -2.0075168082e-05 |    -1.3421047114e+06 |             8 |        1
  600 |    -3.0376423553e-05 |    -1.3421754327e+06 |             1 |        1
  610 |    -3.9700997947e-05 |    -1.3422936745e+06 |             4 |        1
  620 |    -3.6079808950e-05 |    -1.3423841222e+06 |             8 |        1
  630 |    -3.6550818990e-05 |    -1.3424734023e+06 |             2 |        1
  640 |    -2.7563088042e-05 |    -1.3425716927e+06 |             4 |        1
  650 |    -1.9202192702e-05 |    -1.3426226999e+06 |             8 |        1
  660 |    -2.0305588475e-05 |    -1.3426731398e+06 |             4 |        1
  670 |    -2.0606547548e-05 |    -1.3427208893e+06 |             2 |        1
  680 |    -1.7995731553e-05 |    -1.3427643527e+06 |             4 |        1
  690 |    -1.8916390199e-05 |    -1.3428096613e+06 |             4 |        1
  700 |    -1.9399560664e-05 |    -1.3428540923e+06 |             1 |        1
  710 |    -1.6616012883e-05 |    -1.3428944147e+06 |             4 |        1
  720 |    -1.7211467491e-05 |    -1.3429356585e+06 |             4 |        1
  730 |    -1.7645589301e-05 |    -1.3429760775e+06 |             2 |        1
  740 |    -1.4927495408e-05 |    -1.3430123438e+06 |             8 |        1
  750 |    -1.5942304500e-05 |    -1.3430516539e+06 |             4 |        1
  760 |    -1.6207130858e-05 |    -1.3430901061e+06 |             8 |        1
  770 |    -1.3576727579e-05 |    -1.3431255495e+06 |             4 |        1
  780 |    -1.4105686252e-05 |    -1.3431615199e+06 |             4 |        1
  790 |    -1.2636461110e-05 |    -1.3431931539e+06 |             4 |        1
  800 |    -1.3886889468e-05 |    -1.3432281381e+06 |             1 |        1
  810 |    -1.2341278621e-05 |    -1.3432586369e+06 |             4 |        1
  820 |    -1.3165483528e-05 |    -1.3432921904e+06 |             4 |        1
  830 |    -1.5607910249e-05 |    -1.3433286654e+06 |             2 |        1
  840 |    -1.4156149827e-05 |    -1.3433620829e+06 |             8 |        1
  850 |    -1.4412009193e-05 |    -1.3433974528e+06 |             8 |        1
  860 |    -1.3518672922e-05 |    -1.3434307895e+06 |             4 |        1
  870 |    -1.4275258747e-05 |    -1.3434653446e+06 |             8 |        1
  880 |    -2.8131767152e-05 |    -1.3435286575e+06 |             4 |        1
  890 |    -1.0480791553e-05 |    -1.3435544794e+06 |             4 |        1
  900 |    -1.2526321454e-05 |    -1.3435848673e+06 |             1 |        1
  910 |    -1.5302185730e-05 |    -1.3436358625e+06 |             4 |        1
  920 |    -1.3424055314e-05 |    -1.3436718095e+06 |             8 |        1
  930 |    -1.0829992966e-05 |    -1.3436982956e+06 |             2 |        1
  940 |    -1.0729511705e-05 |    -1.3437256049e+06 |             4 |        1
  950 |    -1.5181605435e-05 |    -1.3437599708e+06 |             4 |        1
  960 |    -1.1490013649e-05 |    -1.3437882471e+06 |             4 |        1
  970 |    -1.1833165601e-05 |    -1.3438212726e+06 |             8 |        1
  980 |    -1.6412423366e-05 |    -1.3438558793e+06 |             1 |        1
  990 |    -1.4317472605e-05 |    -1.3438900115e+06 |             2 |        1

 iter |          tol         |        FLasso        |      Lf       |  lambda
--------------------------------------------------------------------------------
 1000 |    -1.6411489845e-05 |    -1.3439278804e+06 |             1 |        1
 1000 |     1.6411489845e-05 |    -1.3439278804e+06 |             1 |        1


FISTA: did not converge after 1000 iterations
FISTA: Relative error: 1.641148984e-05

Time for MC simulations: 11519.37115 seconds
Time for FISTA solver: 312.8775305 seconds


MATLAB result :
FISTA: converged in 1000 iterations (nnz(x)= 2984)
FISTA: Relative error: -1.34e-05
FISTA: Final Lf value: -1.337219e+06
Elapsed time is 7952.558757 seconds.

Amount wrong : 7718 / 263168 ~= 2.932727383%
0.3383305221 relative norm error.