WS test with 512x512 Chandra data.
Computing beta0...
beta0 = 1.219881e-09
Computing standardization matrix...
100/100
Computing lambda and lambdaI...
100/100
lambda = 1.859680e+00
lambdaI = 5.634042e+07
************************************* FISTA ************************************
A : 262144x263168 matrix, u : 262144 vector, b : 262144 vector
lambda :1, tol :1e-10
********************************************************************************

 iter |          tol         |        FLasso        |      Lf       |  lambda
--------------------------------------------------------------------------------
   10 |    -1.8497924421e-01 |    -1.2932275515e+06 |             4 |        1
   20 |    -8.7968637341e-03 |    -1.3193027714e+06 |             8 |        1
   30 |    -2.8321268735e-03 |    -1.3273302004e+06 |             2 |        1
   40 |    -1.3152759558e-03 |    -1.3307401595e+06 |             4 |        1
   50 |    -7.0128661862e-04 |    -1.3326416008e+06 |             8 |        1
   60 |    -6.8869065530e-04 |    -1.3342144775e+06 |             2 |        1
   70 |    -4.8046218963e-04 |    -1.3353011693e+06 |             2 |        1
   80 |    -2.8154511568e-04 |    -1.3361055007e+06 |             8 |        1
   90 |    -3.2287760803e-04 |    -1.3369409629e+06 |             8 |        1
  100 |    -2.6074720801e-04 |    -1.3375870064e+06 |             1 |        1
  110 |    -2.6812173645e-04 |    -1.3381822043e+06 |             2 |        1
  120 |    -1.6584903927e-04 |    -1.3386185621e+06 |             4 |        1
  130 |    -1.6712921232e-04 |    -1.3390710157e+06 |             4 |        1
  140 |    -1.4475084683e-04 |    -1.3394997554e+06 |            16 |        1
  150 |    -1.7233434842e-04 |    -1.3399033053e+06 |            16 |        1
  160 |    -1.3713616380e-04 |    -1.3402227080e+06 |             2 |        1
  170 |    -9.7352003689e-05 |    -1.3404973428e+06 |             8 |        1
  180 |    -1.2186356140e-04 |    -1.3408090981e+06 |             8 |        1
  190 |    -1.0733744730e-04 |    -1.3410717970e+06 |             4 |        1
  200 |    -1.0997774057e-04 |    -1.3413292873e+06 |             1 |        1
  210 |    -9.3678918390e-05 |    -1.3415429762e+06 |             4 |        1
  220 |    -9.2644303188e-05 |    -1.3417626370e+06 |            16 |        1
  230 |    -8.1238447303e-05 |    -1.3419514544e+06 |             2 |        1
  240 |    -5.8582977514e-05 |    -1.3421173424e+06 |             8 |        1
  250 |    -7.8808162458e-05 |    -1.3423435237e+06 |             4 |        1
  260 |    -8.7817477442e-05 |    -1.3425550176e+06 |             4 |        1
  270 |    -8.4652388515e-05 |    -1.3427943730e+06 |             2 |        1
  280 |    -7.4765302855e-05 |    -1.3430022887e+06 |             2 |        1
  290 |    -6.4765807782e-05 |    -1.3431564592e+06 |             8 |        1
  300 |    -5.9261201671e-05 |    -1.3432950381e+06 |             1 |        1
  310 |    -5.8396423765e-05 |    -1.3434556848e+06 |             4 |        1
  320 |    -5.2998754402e-05 |    -1.3435920202e+06 |             4 |        1
  330 |    -5.3706551852e-05 |    -1.3437203507e+06 |             8 |        1
  340 |    -4.4206898615e-05 |    -1.3438364056e+06 |             8 |        1
  350 |    -4.2611354948e-05 |    -1.3439485247e+06 |             8 |        1
  360 |    -4.6979577886e-05 |    -1.3440657480e+06 |             4 |        1
  370 |    -4.6249448214e-05 |    -1.3441764241e+06 |             2 |        1
  380 |    -4.4882700891e-05 |    -1.3442839430e+06 |             8 |        1
  390 |    -4.0822069485e-05 |    -1.3443810152e+06 |             4 |        1
  400 |    -3.9890857103e-05 |    -1.3444833115e+06 |             1 |        1
  410 |    -4.0306598703e-05 |    -1.3445797586e+06 |             8 |        1
  420 |    -3.3757418598e-05 |    -1.3446683602e+06 |             8 |        1
  430 |    -3.7674048424e-05 |    -1.3447624328e+06 |             4 |        1
  440 |    -3.6665833122e-05 |    -1.3448502877e+06 |             2 |        1
  450 |    -3.5757322875e-05 |    -1.3449361065e+06 |             8 |        1
  460 |    -3.2324300847e-05 |    -1.3450121876e+06 |             8 |        1
  470 |    -2.8211986512e-05 |    -1.3450860561e+06 |             8 |        1
  480 |    -3.1098442910e-05 |    -1.3451634975e+06 |             4 |        1
  490 |    -3.1186977096e-05 |    -1.3452378461e+06 |             2 |        1

 iter |          tol         |        FLasso        |      Lf       |  lambda
--------------------------------------------------------------------------------
  500 |    -3.0350695858e-05 |    -1.3453107394e+06 |             1 |        1
  510 |    -2.8657173029e-05 |    -1.3453901839e+06 |             4 |        1
  520 |    -2.7314523676e-05 |    -1.3454574925e+06 |             2 |        1
  530 |    -2.7147928712e-05 |    -1.3455223437e+06 |             8 |        1
  540 |    -2.6135886375e-05 |    -1.3455873060e+06 |             4 |        1
  550 |    -2.7395317686e-05 |    -1.3456500557e+06 |             2 |        1
  560 |    -2.4758687450e-05 |    -1.3457094444e+06 |             8 |        1
  570 |    -2.3522286775e-05 |    -1.3457676987e+06 |             4 |        1
  580 |    -2.4224048003e-05 |    -1.3458234270e+06 |             2 |        1
  590 |    -2.2514308341e-05 |    -1.3458772308e+06 |             8 |        1
  600 |    -2.1621307696e-05 |    -1.3459308041e+06 |             1 |        1
  610 |    -2.1745912906e-05 |    -1.3459806192e+06 |             2 |        1
  620 |    -2.0201836237e-05 |    -1.3460289511e+06 |             8 |        1
  630 |    -1.9160711695e-05 |    -1.3460768443e+06 |             4 |        1
  640 |    -1.7752289942e-05 |    -1.3461191176e+06 |             4 |        1
  650 |    -1.8688124194e-05 |    -1.3461651618e+06 |             2 |        1
  660 |    -1.7677997172e-05 |    -1.3462054718e+06 |             2 |        1
  670 |    -1.7268543494e-05 |    -1.3462468052e+06 |             8 |        1
  680 |    -1.6606184769e-05 |    -1.3462881376e+06 |             4 |        1
  690 |    -1.5659307235e-05 |    -1.3463254178e+06 |             4 |        1
  700 |    -1.7478106417e-05 |    -1.3463679096e+06 |             1 |        1
  710 |    -1.5843042565e-05 |    -1.3464059191e+06 |             8 |        1
  720 |    -1.5136594167e-05 |    -1.3464442734e+06 |             8 |        1
  730 |    -1.4981748685e-05 |    -1.3464820080e+06 |             4 |        1
  740 |    -1.4405214591e-05 |    -1.3465191865e+06 |             4 |        1
  750 |    -1.4110821480e-05 |    -1.3465556745e+06 |             4 |        1
  760 |    -1.5564416996e-05 |    -1.3465933683e+06 |             2 |        1
  770 |    -1.5102778376e-05 |    -1.3466277343e+06 |             2 |        1
  780 |    -1.4879107131e-05 |    -1.3466615991e+06 |             2 |        1
  790 |    -1.4652638771e-05 |    -1.3466949724e+06 |             2 |        1
  800 |    -1.4019916260e-05 |    -1.3467272121e+06 |             1 |        1
  810 |    -1.3411728740e-05 |    -1.3467585579e+06 |             2 |        1
  820 |    -1.2590962028e-05 |    -1.3467888093e+06 |             8 |        1
  830 |    -1.2924359960e-05 |    -1.3468201508e+06 |             2 |        1
  840 |    -1.2256403548e-05 |    -1.3468496086e+06 |             8 |        1
  850 |    -1.2888060861e-05 |    -1.3468804164e+06 |             2 |        1
  860 |    -1.3004810212e-05 |    -1.3469099513e+06 |             2 |        1
  870 |    -1.1163625492e-05 |    -1.3469367079e+06 |             8 |        1
  880 |    -1.1589934295e-05 |    -1.3469655155e+06 |             8 |        1
  890 |    -1.2285088448e-05 |    -1.3469948627e+06 |             2 |        1
  900 |    -1.3298936386e-05 |    -1.3470252494e+06 |             1 |        1
  910 |    -1.1341365339e-05 |    -1.3470525289e+06 |             8 |        1
  920 |    -1.0239479980e-05 |    -1.3470786538e+06 |             4 |        1
  930 |    -1.0562626506e-05 |    -1.3471057632e+06 |             8 |        1
  940 |    -1.1584828414e-05 |    -1.3471334179e+06 |             2 |        1
  950 |    -1.1750070714e-05 |    -1.3471601064e+06 |             2 |        1
  960 |    -1.0123587529e-05 |    -1.3471843439e+06 |             8 |        1
  970 |    -1.0517385184e-05 |    -1.3472104802e+06 |             8 |        1
  980 |    -1.1303415453e-05 |    -1.3472374047e+06 |             2 |        1
  990 |    -1.1628785716e-05 |    -1.3472653141e+06 |             2 |        1

 iter |          tol         |        FLasso        |      Lf       |  lambda
--------------------------------------------------------------------------------
 1000 |    -1.1528149656e-05 |    -1.3472929739e+06 |             1 |        1
 1000 |     1.1528149656e-05 |    -1.3472929739e+06 |             1 |        1


FISTA: did not converge after 1000 iterations
FISTA: Relative error: 1.152814966e-05

Time for MC simulations: 1152.009213 seconds
Time for FISTA solver: 297.9379735 seconds


MATLAB result :
FISTA: converged in 1000 iterations (nnz(x)= 2984)
FISTA: Relative error: -1.34e-05
FISTA: Final Lf value: -1.337219e+06
Elapsed time is 7952.558757 seconds.

Amount wrong : 9031 / 263168 ~= 3.431648225%
0.3034872138 relative norm error.