WS test with 512x512 Chandra data.
Computing beta0...
beta0 = 1.2198812874e-09
Computing standardization matrix...
100/100
Computing lambda and lambdaI...
100/100
lambda = 1.8505685375e+00
lambdaI = 4.6468874435e+07
************************************* FISTA ************************************
A : 262144x263168 matrix, u : 262144 vector, b : 262144 vector
lambda :1, tol :1e-10
********************************************************************************

 iter |          tol         |        FLasso        |      Lf       |  lambda
--------------------------------------------------------------------------------
   10 |    -1.9032318503e-01 |    -1.3020619360e+06 |             4 |        1
   20 |    -8.7317561064e-03 |    -1.3290499057e+06 |             8 |        1
   30 |    -2.2314709757e-03 |    -1.3354890557e+06 |             4 |        1
   40 |    -1.1812960518e-03 |    -1.3386401020e+06 |             2 |        1
   50 |    -7.0333156753e-04 |    -1.3404150863e+06 |             8 |        1
   60 |    -5.0326443424e-04 |    -1.3417278377e+06 |             4 |        1
   70 |    -3.8675834604e-04 |    -1.3427560845e+06 |             4 |        1
   80 |    -3.2131072419e-04 |    -1.3435965620e+06 |             4 |        1
   90 |    -2.6791211955e-04 |    -1.3442994998e+06 |             8 |        1
  100 |    -2.3461166098e-04 |    -1.3449015093e+06 |             1 |        1
  110 |    -2.0821152531e-04 |    -1.3456347720e+06 |             4 |        1
  120 |    -1.7128105439e-04 |    -1.3460713461e+06 |             4 |        1
  130 |    -1.6067825392e-04 |    -1.3464543207e+06 |             2 |        1
  140 |    -1.2701661323e-04 |    -1.3467715424e+06 |             4 |        1
  150 |    -1.1805050008e-04 |    -1.3470787825e+06 |             8 |        1
  160 |    -1.1442981982e-04 |    -1.3473651782e+06 |             4 |        1
  170 |    -9.5675861357e-05 |    -1.3476039283e+06 |             4 |        1
  180 |    -9.0832489288e-05 |    -1.3478418255e+06 |             8 |        1
  190 |    -9.0300608837e-05 |    -1.3480675528e+06 |             4 |        1
  200 |    -8.8016293289e-05 |    -1.3482755385e+06 |             1 |        1
  210 |    -7.3569956628e-05 |    -1.3484560295e+06 |             4 |        1
  220 |    -7.4145022764e-05 |    -1.3486435702e+06 |             4 |        1
  230 |    -7.4420122941e-05 |    -1.3488194846e+06 |             2 |        1
  240 |    -6.2037268902e-05 |    -1.3489717075e+06 |             4 |        1
  250 |    -6.3319653616e-05 |    -1.3491317556e+06 |             4 |        1
  260 |    -5.5951460132e-05 |    -1.3492711022e+06 |             4 |        1
  270 |    -5.4429889523e-05 |    -1.3494131359e+06 |             8 |        1
  280 |    -5.6746852054e-05 |    -1.3495537414e+06 |             4 |        1
  290 |    -4.8783354546e-05 |    -1.3496752726e+06 |             4 |        1
  300 |    -5.1324297587e-05 |    -1.3498043922e+06 |             1 |        1
  310 |    -4.4860932132e-05 |    -1.3499165793e+06 |             4 |        1
  320 |    -4.3940891756e-05 |    -1.3500313071e+06 |             8 |        1
  330 |    -4.5168524956e-05 |    -1.3501424048e+06 |             4 |        1
  340 |    -3.8391192629e-05 |    -1.3502381568e+06 |             4 |        1
  350 |    -4.0653383995e-05 |    -1.3503403283e+06 |             4 |        1
  360 |    -3.6177202687e-05 |    -1.3504303523e+06 |             4 |        1
  370 |    -3.7154789440e-05 |    -1.3505242528e+06 |             4 |        1
  380 |    -3.2969584314e-05 |    -1.3506063032e+06 |             4 |        1
  390 |    -3.4693278952e-05 |    -1.3506936426e+06 |             4 |        1
  400 |    -3.5701287416e-05 |    -1.3507771921e+06 |             1 |        1
  410 |    -2.9376282136e-05 |    -1.3508489162e+06 |             8 |        1
  420 |    -3.1303149753e-05 |    -1.3509259273e+06 |             4 |        1
  430 |    -2.7112936175e-05 |    -1.3509924546e+06 |             4 |        1
  440 |    -2.8207035230e-05 |    -1.3510632629e+06 |             4 |        1
  450 |    -2.4586309120e-05 |    -1.3511236652e+06 |             4 |        1
  460 |    -2.5885035435e-05 |    -1.3511883365e+06 |             4 |        1
  470 |    -2.2293433792e-05 |    -1.3512435928e+06 |             8 |        1
  480 |    -2.3857315594e-05 |    -1.3513021752e+06 |             2 |        1
  490 |    -2.0790446150e-05 |    -1.3513535465e+06 |             8 |        1

 iter |          tol         |        FLasso        |      Lf       |  lambda
--------------------------------------------------------------------------------
  500 |    -2.2718043953e-05 |    -1.3514092162e+06 |             1 |        1
  510 |    -1.9796314740e-05 |    -1.3514580967e+06 |             8 |        1
  520 |    -2.1546560252e-05 |    -1.3515108816e+06 |             2 |        1
  530 |    -1.8828099556e-05 |    -1.3515573233e+06 |             8 |        1
  540 |    -2.0723242467e-05 |    -1.3516080005e+06 |             4 |        1
  550 |    -1.8392043723e-05 |    -1.3516525973e+06 |             4 |        1
  560 |    -1.9207157908e-05 |    -1.3517001519e+06 |             2 |        1
  570 |    -1.6874742516e-05 |    -1.3517418435e+06 |             8 |        1
  580 |    -1.8631145936e-05 |    -1.3517873831e+06 |             4 |        1
  590 |    -1.6415660272e-05 |    -1.3518274309e+06 |             8 |        1
  600 |    -1.7377055318e-05 |    -1.3518699052e+06 |             1 |        1
  610 |    -1.5349918435e-05 |    -1.3519073129e+06 |             8 |        1
  620 |    -1.6793961771e-05 |    -1.3519483513e+06 |             4 |        1
  630 |    -1.4834238784e-05 |    -1.3519845163e+06 |             8 |        1
  640 |    -1.6370535409e-05 |    -1.3520241967e+06 |             2 |        1
  650 |    -1.4502875796e-05 |    -1.3520593677e+06 |             4 |        1
  660 |    -1.5697789226e-05 |    -1.3520979513e+06 |             2 |        1
  670 |    -1.4009597705e-05 |    -1.3521320970e+06 |             8 |        1
  680 |    -1.5486291660e-05 |    -1.3521696162e+06 |             2 |        1
  690 |    -1.3543323526e-05 |    -1.3522026433e+06 |             8 |        1
  700 |    -1.4874490094e-05 |    -1.3522389511e+06 |             1 |        1
  710 |    -1.3147880154e-05 |    -1.3522710415e+06 |             8 |        1
  720 |    -1.4653870535e-05 |    -1.3523065336e+06 |             2 |        1
  730 |    -1.3317679954e-05 |    -1.3523385333e+06 |             4 |        1
  740 |    -1.2605807361e-05 |    -1.3523699843e+06 |             4 |        1
  750 |    -1.3819039217e-05 |    -1.3524042477e+06 |             2 |        1
  760 |    -1.2492418676e-05 |    -1.3524347265e+06 |             8 |        1
  770 |    -1.3920568900e-05 |    -1.3524684260e+06 |             2 |        1
  780 |    -1.2767198337e-05 |    -1.3524987355e+06 |             4 |        1
  790 |    -1.1917599882e-05 |    -1.3525282493e+06 |             8 |        1
  800 |    -1.3402667164e-05 |    -1.3525606798e+06 |             1 |        1
  810 |    -1.2466818427e-05 |    -1.3525902207e+06 |             4 |        1
  820 |    -1.1595585647e-05 |    -1.3526189501e+06 |             8 |        1
  830 |    -1.1268685002e-05 |    -1.3526482509e+06 |             4 |        1
  840 |    -1.2678573211e-05 |    -1.3526796417e+06 |             2 |        1
  850 |    -1.2005876148e-05 |    -1.3527081871e+06 |             4 |        1
  860 |    -1.0805081803e-05 |    -1.3527349719e+06 |             8 |        1
  870 |    -1.0372543635e-05 |    -1.3527619563e+06 |             4 |        1
  880 |    -1.1635767848e-05 |    -1.3527907716e+06 |             2 |        1
  890 |    -1.0942766145e-05 |    -1.3528170431e+06 |             4 |        1
  900 |    -1.0233797208e-05 |    -1.3528425380e+06 |             1 |        1
  910 |    -1.1599147073e-05 |    -1.3528811468e+06 |             4 |        1
  920 |    -9.6946564254e-06 |    -1.3529052968e+06 |             4 |        1
  930 |    -9.2913177079e-06 |    -1.3529298375e+06 |             4 |        1
  940 |    -1.0688667546e-05 |    -1.3529562163e+06 |             2 |        1
  950 |    -1.0302774221e-05 |    -1.3529802797e+06 |             4 |        1
  960 |    -9.9273593234e-06 |    -1.3530042846e+06 |             4 |        1
  970 |    -9.8302864432e-06 |    -1.3530281008e+06 |             4 |        1
  980 |    -9.2410993890e-06 |    -1.3530512271e+06 |             8 |        1
  990 |    -8.8958029375e-06 |    -1.3530745215e+06 |             8 |        1

 iter |          tol         |        FLasso        |      Lf       |  lambda
--------------------------------------------------------------------------------
 1000 |    -8.6447577633e-06 |    -1.3530969164e+06 |             1 |        1
 1000 |     8.6447577633e-06 |    -1.3530969164e+06 |             1 |        1


FISTA: did not converge after 1000 iterations
FISTA: Relative error: 8.644757763e-06

Time for MC simulations: 117.1605791 seconds
Time for FISTA solver: 317.130631 seconds


MATLAB result :
FISTA: converged in 1000 iterations (nnz(x)= 2984)
FISTA: Relative error: -1.34e-05
FISTA: Final Lf value: -1.337219e+06
Elapsed time is 7952.558757 seconds.

Amount wrong : 10663 / 263168 ~= 4.051784411%
0.2613858618 relative norm error.