WS test with 512x512 Chandra data.
Computing beta0...
beta0 = 1.2198812874e-09
Computing standardization matrix...
100/100
Computing lambda and lambdaI...
100/100
lambda = 1.8614940628e+00
lambdaI = 5.8933264394e+07
************************************* FISTA ************************************
A : 262144x263168 matrix, u : 262144 vector, b : 262144 vector
lambda :1, tol :1e-10
********************************************************************************

 iter |          tol         |        FLasso        |      Lf       |  lambda
--------------------------------------------------------------------------------
   10 |    -1.8447101100e-01 |    -1.2914921562e+06 |             4 |        1
   20 |    -8.8594427611e-03 |    -1.3176559200e+06 |             8 |        1
   30 |    -2.9075981968e-03 |    -1.3257491301e+06 |             8 |        1
   40 |    -1.2276319421e-03 |    -1.3289880701e+06 |             4 |        1
   50 |    -7.5961949247e-04 |    -1.3310880297e+06 |             4 |        1
   60 |    -4.2343064359e-04 |    -1.3323846491e+06 |             8 |        1
   70 |    -4.0800691651e-04 |    -1.3334991266e+06 |             8 |        1
   80 |    -3.5342374372e-04 |    -1.3344577690e+06 |             4 |        1
   90 |    -2.6164797051e-04 |    -1.3351128571e+06 |             4 |        1
  100 |    -2.3654239249e-04 |    -1.3357822377e+06 |             1 |        1
  110 |    -1.8051851401e-04 |    -1.3366291794e+06 |             8 |        1
  120 |    -2.1069980947e-04 |    -1.3371473308e+06 |             4 |        1
  130 |    -1.9954479379e-04 |    -1.3375934776e+06 |             2 |        1
  140 |    -1.5146281741e-04 |    -1.3379506089e+06 |             4 |        1
  150 |    -1.4299463715e-04 |    -1.3383352561e+06 |             4 |        1
  160 |    -9.2088536170e-05 |    -1.3386062826e+06 |             8 |        1
  170 |    -1.1928751475e-04 |    -1.3389312881e+06 |             8 |        1
  180 |    -9.4812365859e-05 |    -1.3391919501e+06 |             4 |        1
  190 |    -1.1124418554e-04 |    -1.3394607480e+06 |             2 |        1
  200 |    -9.8163930849e-05 |    -1.3396774638e+06 |             1 |        1
  210 |    -9.4743792250e-05 |    -1.3398788815e+06 |             2 |        1
  220 |    -1.0357758545e-04 |    -1.3401108497e+06 |             2 |        1
  230 |    -9.6780526378e-05 |    -1.3403277005e+06 |             2 |        1
  240 |    -7.2868555550e-05 |    -1.3405025036e+06 |            16 |        1
  250 |    -2.1864504725e-04 |    -1.3409245765e+06 |           0.5 |        1
  260 |    -7.6511763879e-05 |    -1.3411203814e+06 |             4 |        1
  270 |    -7.1538803186e-05 |    -1.3412930311e+06 |             4 |        1
  280 |    -6.7761996084e-05 |    -1.3414568297e+06 |             4 |        1
  290 |    -6.4450377050e-05 |    -1.3416124617e+06 |             4 |        1
  300 |    -6.5845707121e-05 |    -1.3417668555e+06 |             1 |        1
  310 |    -5.7230839946e-05 |    -1.3419092416e+06 |             8 |        1
  320 |    -5.8856895312e-05 |    -1.3420558662e+06 |             4 |        1
  330 |    -5.7287343738e-05 |    -1.3421931378e+06 |             2 |        1
  340 |    -5.5758549452e-05 |    -1.3423269745e+06 |             8 |        1
  350 |    -4.9986701876e-05 |    -1.3424457597e+06 |             4 |        1
  360 |    -4.8340869055e-05 |    -1.3425694228e+06 |             4 |        1
  370 |    -4.8872082976e-05 |    -1.3426862808e+06 |             8 |        1
  380 |    -4.0965636832e-05 |    -1.3427924167e+06 |             4 |        1
  390 |    -4.6153868695e-05 |    -1.3429078811e+06 |             2 |        1
  400 |    -4.0229364165e-05 |    -1.3430077621e+06 |             1 |        1
  410 |    -4.4776211752e-05 |    -1.3431579356e+06 |             4 |        1
  420 |    -4.2117071006e-05 |    -1.3432549210e+06 |             2 |        1
  430 |    -3.4615609757e-05 |    -1.3433428981e+06 |             8 |        1
  440 |    -3.7295117514e-05 |    -1.3434367073e+06 |             4 |        1
  450 |    -3.1555925144e-05 |    -1.3435204000e+06 |             4 |        1
  460 |    -3.7379898825e-05 |    -1.3436129486e+06 |             2 |        1
  470 |    -3.3213687786e-05 |    -1.3436919519e+06 |             8 |        1
  480 |    -3.3052810519e-05 |    -1.3437744685e+06 |             4 |        1
  490 |    -3.1759909556e-05 |    -1.3438531233e+06 |             2 |        1

 iter |          tol         |        FLasso        |      Lf       |  lambda
--------------------------------------------------------------------------------
  500 |    -3.1323225423e-05 |    -1.3439278007e+06 |             1 |        1
  510 |    -2.9831121536e-05 |    -1.3440099385e+06 |             4 |        1
  520 |    -3.1309901244e-05 |    -1.3440865211e+06 |             2 |        1
  530 |    -2.8550586128e-05 |    -1.3441553045e+06 |             8 |        1
  540 |    -2.7197952068e-05 |    -1.3442237270e+06 |             4 |        1
  550 |    -2.6932342286e-05 |    -1.3442912301e+06 |             2 |        1
  560 |    -2.4230465152e-05 |    -1.3443506213e+06 |             2 |        1
  570 |    -2.5621992234e-05 |    -1.3444123262e+06 |             8 |        1
  580 |    -2.3765610402e-05 |    -1.3444680497e+06 |             8 |        1
  590 |    -2.3752607952e-05 |    -1.3445273128e+06 |             4 |        1
  600 |    -2.0733394884e-05 |    -1.3445794285e+06 |             1 |        1
  610 |    -2.2138140237e-05 |    -1.3446402761e+06 |             4 |        1
  620 |    -1.8265309815e-05 |    -1.3446887913e+06 |             4 |        1
  630 |    -2.2257956460e-05 |    -1.3447432473e+06 |             2 |        1
  640 |    -1.8863044632e-05 |    -1.3447904138e+06 |             4 |        1
  650 |    -1.9479674552e-05 |    -1.3448370982e+06 |             8 |        1
  660 |    -1.8693051818e-05 |    -1.3448836886e+06 |             4 |        1
  670 |    -1.5855824865e-05 |    -1.3449256828e+06 |             4 |        1
  680 |    -1.9180615700e-05 |    -1.3449724044e+06 |             2 |        1
  690 |    -1.7141187165e-05 |    -1.3450134747e+06 |             8 |        1
  700 |    -1.6355675243e-05 |    -1.3450541463e+06 |             1 |        1
  710 |    -1.3895362196e-05 |    -1.3450908301e+06 |             4 |        1
  720 |    -1.7199175936e-05 |    -1.3451327007e+06 |             2 |        1
  730 |    -1.5843972224e-05 |    -1.3451706351e+06 |             8 |        1
  740 |    -1.5069836883e-05 |    -1.3452082893e+06 |             4 |        1
  750 |    -1.6080259584e-05 |    -1.3452474461e+06 |             2 |        1
  760 |    -1.5059025213e-05 |    -1.3452834775e+06 |             8 |        1
  770 |    -1.4444429161e-05 |    -1.3453192611e+06 |             4 |        1
  780 |    -1.3656059944e-05 |    -1.3453517246e+06 |             4 |        1
  790 |    -1.3539240748e-05 |    -1.3453866452e+06 |             4 |        1
  800 |    -1.3241242266e-05 |    -1.3454208424e+06 |             1 |        1
  810 |    -2.7115194366e-05 |    -1.3454947312e+06 |             4 |        1
  820 |    -1.3414669933e-05 |    -1.3455264195e+06 |             4 |        1
  830 |    -1.3328774003e-05 |    -1.3455579884e+06 |             4 |        1
  840 |    -1.2981839307e-05 |    -1.3455887297e+06 |             4 |        1
  850 |    -1.1445399253e-05 |    -1.3456160186e+06 |             4 |        1
  860 |    -1.1988187133e-05 |    -1.3456456895e+06 |             2 |        1
  870 |    -1.2441833483e-05 |    -1.3456748453e+06 |             2 |        1
  880 |    -1.0778589860e-05 |    -1.3457013423e+06 |             8 |        1
  890 |    -1.1677021159e-05 |    -1.3457301546e+06 |             4 |        1
  900 |    -1.1737470856e-05 |    -1.3457578826e+06 |             1 |        1
  910 |    -1.0518663709e-05 |    -1.3457837927e+06 |             4 |        1
  920 |    -1.1079783270e-05 |    -1.3458115949e+06 |             4 |        1
  930 |    -1.1625513232e-05 |    -1.3458390136e+06 |             4 |        1
  940 |    -1.0258391165e-05 |    -1.3458636437e+06 |             8 |        1
  950 |    -1.1135557179e-05 |    -1.3458908457e+06 |             2 |        1
  960 |    -1.0319558060e-05 |    -1.3459158255e+06 |             4 |        1
  970 |    -1.1059340465e-05 |    -1.3459415857e+06 |             2 |        1
  980 |    -9.6399312274e-06 |    -1.3459653437e+06 |             8 |        1
  990 |    -1.1600129186e-05 |    -1.3459935482e+06 |             4 |        1

 iter |          tol         |        FLasso        |      Lf       |  lambda
--------------------------------------------------------------------------------
 1000 |    -1.0864618932e-05 |    -1.3460189308e+06 |             1 |        1
 1000 |     1.0864618932e-05 |    -1.3460189308e+06 |             1 |        1


FISTA: did not converge after 1000 iterations
FISTA: Relative error: 1.086461893e-05

Time for MC simulations: 576.1048387 seconds
Time for FISTA solver: 314.6642959 seconds


MATLAB result :
FISTA: converged in 1000 iterations (nnz(x)= 2984)
FISTA: Relative error: -1.34e-05
FISTA: Final Lf value: -1.337219e+06
Elapsed time is 7952.558757 seconds.

Amount wrong : 8626 / 263168 ~= 3.277754134%
0.3155783858 relative norm error.